20 34
20 36
20 44
20 46
19 23
19 24
19 36
19 44
19 56
19 57
18 25
18 36
18 37
18 43
18 44
18 55
17 21
17 24
17 30
17 32
17 33
17 34
17 37
17 38
17 39
17 41
17 42
17 43
17 46
17 47
17 48
17 50
17 56
17 59
16 20
16 29
16 31
16 32
16 33
16 37
16 39
16 41
16 43
16 47
16 48
16 49
16 51
16 60
15 21
15 22
15 23
15 25
15 32
15 39
15 41
15 48
15 55
15 57
15 58
15 59
14 25
14 26
14 27
14 28
14 29
14 33
14 34
14 36
14 37
14 38
14 42
14 43
14 44
14 46
14 47
14 51
14 52
14 53
14 54
14 55
13 27
13 34
13 46
13 53
100 100
